    0,0,129,
    0,0,133,
    0,0,137,
    0,0,141,
    0,0,145,
    0,0,149,
    0,0,153,
    0,0,157,
    0,0,161,
    0,0,165,
    0,0,169,
    0,0,173,
    0,0,177,
    0,0,181,
    0,0,185,
    0,0,189,
    0,0,193,
    0,0,197,
    0,0,201,
    0,0,205,
    0,0,209,
    0,0,213,
    0,0,217,
    0,0,221,
    0,0,225,
    0,0,229,
    0,0,233,
    0,0,237,
    0,0,241,
    0,0,245,
    0,0,249,
    0,0,253,
    0,1,255,
    0,5,255,
    0,9,255,
    0,13,255,
    0,17,255,
    0,21,255,
    0,25,255,
    0,29,255,
    0,33,255,
    0,37,255,
    0,41,255,
    0,45,255,
    0,49,255,
    0,53,255,
    0,57,255,
    0,61,255,
    0,65,255,
    0,69,255,
    0,73,255,
    0,77,255,
    0,81,255,
    0,85,255,
    0,89,255,
    0,93,255,
    0,97,255,
    0,101,255,
    0,105,255,
    0,109,255,
    0,113,255,
    0,117,255,
    0,121,255,
    0,125,255,
    0,129,255,
    0,133,255,
    0,137,255,
    0,141,255,
    0,145,255,
    0,149,255,
    0,153,255,
    0,157,255,
    0,161,255,
    0,165,255,
    0,169,255,
    0,173,255,
    0,177,255,
    0,181,255,
    0,185,255,
    0,189,255,
    0,193,255,
    0,197,255,
    0,201,255,
      0,205,255,
      0,209,255,
      0,213,255,
      0,217,255,
      0,221,255,
      0,225,255,
      0,229,255,
      0,233,255,
      0,237,255,
      0,241,255,
      0,245,255,
      0,249,255,
      0,253,255,
      1,255,253,
      5,255,249,
      9,255,245,
     13,255,241,
     17,255,237,
     21,255,233,
     25,255,229,
     29,255,225,
     33,255,221,
     37,255,217,
     41,255,213,
     45,255,209,
     49,255,205,
     53,255,201,
     57,255,197,
     61,255,193,
     65,255,189,
     69,255,185,
     73,255,181,
     77,255,177,
     81,255,173,
     85,255,169,
     89,255,165,
     93,255,161,
     97, 255,157,
    101, 255,153,
    105, 255,149,
    109, 255,145,
    113, 255,141,
    117, 255,137,
    121, 255,133,
    125, 255,129,
    129, 255,125,
    133, 255,121,
    137, 255,117,
    141, 255,113,
    145, 255,109,
    149, 255,105,
    153, 255,101,
    157, 255,97,
    161, 255,93,
    165, 255,89,
    169, 255,85,
    173, 255,81,
    177, 255,77,
    181, 255,73,
    185, 255,69,
    189, 255,65,
    193, 255,61,
    197, 255,57,
    201, 255,53,
    205, 255,49,
    209, 255,45,
    213, 255,41,
    217, 255,37,
    221, 255,33,
    225, 255,29,
    229, 255,25,
    233, 255,21,
    237, 255,17,
    241, 255,13,
    245, 255,9,
    249, 255,5,
    253, 255,1,
    255, 253,0,
    255, 249,0,
    255, 245,0,
    255, 241,0,
    255, 237,0,
    255, 233,0,
    255, 229,0,
    255, 225,0,
    255, 221,0,
    255, 217,0,
    255, 213,0,
    255, 209,0,
    255, 205,0,
    255, 201,0,
    255, 197,0,
    255, 193,0,
    255, 189,0,
    255, 185,0,
    255, 181,0,
    255, 177,0,
    255, 173,0,
    255, 169,0,
    255, 165,0,
    255, 161,0,
    255, 157,0,
    255, 153,0,
    255, 149,0,
    255, 145,0,
    255, 141,0,
    255, 137,0,
    255, 133,0,
    255, 129,0,
    255, 125,0,
    255, 121,0,
    255, 117,0,
    255, 113,0,
    255, 109,0,
    255, 105,0,
    255, 101,0,
    255, 97,0,
    255, 93,0,
    255, 89,0,
    255, 85,0,
    255, 81,0,
    255, 77,0,
    255, 73,0,
    255, 69,0,
    255, 65,0,
    255, 61,0,
    255, 57,0,
    255, 53,0,
    255, 49,0,
    255, 45,0,
    255, 41,0,
    255, 37,0,
    255, 33,0,
    255, 29,0,
    255, 25,0,
    255, 21,0,
    255, 17,0,
    255, 13,0,
    255, 9,0,
    255, 5,0,
    255, 1,0,
    253, 0,0,
    249, 0,0,
    245, 0,0,
    241, 0,0,
    237, 0,0,
    233, 0,0,
    229, 0,0,
    225, 0,0,
    221, 0,0,
    217, 0,0,
    213, 0,0,
    209, 0,0,
    205, 0,0,
    201, 0,0,
    197, 0,0,
    193, 0,0,
    189, 0,0,
    185, 0,0,
    181, 0,0,
    177, 0,0,
    173, 0,0,
    169, 0,0,
    165, 0,0,
    161, 0,0,
    157, 0,0,
    153, 0,0,
    149, 0,0,
    145, 0,0,
    141, 0,0,
    137, 0,0,
    133, 0,0,
    129, 0,0,
