0,0,0,
0,0,5,
0,0,10,
0,0,15,
0,0,20,
0,0,25,
0,0,30,
0,0,35,
0,0,40,
0,0,45,
0,0,50,
0,0,55,
0,0,60,
0,0,65,
0,0,70,
0,0,75,
0,0,80,
0,0,85,
0,0,90,
0,0,95,
0,0,100,
0,0,105,
0,0,110,
0,0,115,
0,0,120,
0,0,125,
0,0,130,
0,0,135,
0,0,140,
0,0,145,
0,0,150,
0,0,155,
0,0,160,
0,0,165,
0,0,170,
0,0,175,
0,0,180,
0,0,185,
0,0,190,
0,0,195,
0,0,200,
0,0,205,
0,0,210,
0,0,215,
0,0,220,
0,0,225,
0,0,230,
0,0,235,
0,0,240,
0,0,245,
0,0,250,
0,0,255,
0,5,255,
0,10,255,
0,15,255,
0,20,255,
0,25,255,
0,30,255,
0,35,255,
0,40,255,
0,45,255,
0,50,255,
0,55,255,
0,60,255,
0,65,255,
0,70,255,
0,75,255,
0,80,255,
0,85,255,
0,90,255,
0,95,255,
0,100,255,
0,105,255,
0,110,255,
0,115,255,
0,120,255,
0,125,255,
0,130,255,
0,135,255,
0,140,255,
0,145,255,
0,150,255,
0,155,255,
0,160,255,
0,165,255,
0,170,255,
0,175,255,
0,180,255,
0,185,255,
0,190,255,
0,195,255,
0,200,255,
0,205,255,
0,210,255,
0,215,255,
0,220,255,
0,225,255,
0,230,255,
0,235,255,
0,240,255,
0,245,255,
0,250,255,
0,255,255,
5,255,250,
10,255,245,
15,255,240,
20,255,235,
25,255,230,
30,255,225,
35,255,220,
40,255,215,
45,255,210,
50,255,205,
55,255,200,
60,255,195,
65,255,190,
70,255,185,
75,255,180,
80,255,175,
85,255,170,
90,255,165,
95,255,160,
100,255,155,
105,255,150,
110,255,145,
115,255,140,
120,255,135,
125,255,130,
130,255,125,
135,255,120,
140,255,115,
145,255,110,
150,255,105,
155,255,100,
160,255,95,
165,255,90,
170,255,85,
175,255,80,
180,255,75,
185,255,70,
190,255,65,
195,255,60,
200,255,55,
205,255,50,
210,255,45,
215,255,40,
220,255,35,
225,255,30,
230,255,25,
235,255,20,
240,255,15,
245,255,10,
250,255,5,
255,255,0,
255,250,0,
255,245,0,
255,240,0,
255,235,0,
255,230,0,
255,225,0,
255,220,0,
255,215,0,
255,210,0,
255,205,0,
255,200,0,
255,195,0,
255,190,0,
255,185,0,
255,180,0,
255,175,0,
255,170,0,
255,165,0,
255,160,0,
255,155,0,
255,150,0,
255,145,0,
255,140,0,
255,135,0,
255,130,0,
255,125,0,
255,120,0,
255,115,0,
255,110,0,
255,105,0,
255,100,0,
255,95,0,
255,90,0,
255,85,0,
255,80,0,
255,75,0,
255,70,0,
255,65,0,
255,60,0,
255,55,0,
255,50,0,
255,45,0,
255,40,0,
255,35,0,
255,30,0,
255,25,0,
255,20,0,
255,15,0,
255,10,0,
255,5,0,
255,0,0,
255,5,5,
255,10,10,
255,15,15,
255,20,20,
255,25,25,
255,30,30,
255,35,35,
255,40,40,
255,45,45,
255,50,50,
255,55,55,
255,60,60,
255,65,65,
255,70,70,
255,75,75,
255,80,80,
255,85,85,
255,90,90,
255,95,95,
255,100,100,
255,105,105,
255,110,110,
255,115,115,
255,120,120,
255,125,125,
255,130,130,
255,135,135,
255,140,140,
255,145,145,
255,150,150,
255,155,155,
255,160,160,
255,165,165,
255,170,170,
255,175,175,
255,180,180,
255,185,185,
255,190,190,
255,195,195,
255,200,200,
255,205,205,
255,210,210,
255,215,215,
255,220,220,
255,225,225,
255,230,230,
255,235,235,
255,240,240,
255,245,245,
255,250,250,
255,255,255,
